201510260916|IF0000|1m|3501.60|3497.00|3501.60|3496.00|3497.84|167|20529 
201510260917|IF0000|1m|3496.60|3501.60|3502.40|3496.60|3499.82|125|20481 
201510260918|IF0000|1m|3501.60|3492.60|3502.00|3492.60|3498.06|122|20443 
201510260919|IF0000|1m|3494.80|3486.00|3495.40|3485.40|3492.72|124|20388 
201510260920|IF0000|1m|3485.40|3485.80|3488.40|3483.60|3486.42|132|20317 
201510260921|IF0000|1m|3485.20|3481.80|3485.80|3481.20|3483.64|92|20277 
201510260922|IF0000|1m|3481.60|3487.00|3488.20|3481.40|3484.26|110|20249 
201510260923|IF0000|1m|3486.80|3488.00|3488.60|3486.80|3488.09|64|20238 
201510260924|IF0000|1m|3488.20|3488.40|3490.00|3487.00|3488.86|50|20211 
201510260925|IF0000|1m|3489.00|3491.80|3491.80|3488.00|3489.27|40|20196 
201510260926|IF0000|1m|3491.80|3485.60|3491.80|3485.00|3488.87|39|20172 
201510260927|IF0000|1m|3485.20|3485.60|3488.00|3482.60|3485.34|66|20130 
201510260928|IF0000|1m|3485.00|3484.60|3487.00|3484.60|3485.64|38|20125 
201510260929|IF0000|1m|3486.00|3485.20|3486.40|3484.60|3485.22|45|20117 
201510260930|IF0000|1m|3485.20|3488.20|3489.60|3485.20|3488.05|74|20091 
201510260931|IF0000|1m|3486.20|3482.20|3488.00|3481.40|3484.09|78|20055 
201510260932|IF0000|1m|3482.20|3483.60|3483.60|3481.20|3482.21|51|20030 
201510260933|IF0000|1m|3482.40|3483.80|3484.60|3482.40|3483.47|53|20036 
201510260934|IF0000|1m|3483.00|3486.20|3486.40|3483.00|3485.12|38|20032 
201510260935|IF0000|1m|3485.60|3484.60|3486.20|3484.40|3485.42|47|20040 
201510260936|IF0000|1m|3484.40|3484.00|3485.60|3483.20|3484.31|53|20020 
201510260937|IF0000|1m|3484.00|3480.00|3485.00|3480.00|3483.45|85|20018 
201510260938|IF0000|1m|3480.80|3473.60|3480.80|3473.60|3477.67|160|19997 
201510260939|IF0000|1m|3471.60|3472.60|3475.80|3471.40|3473.42|104|19963 
201510260940|IF0000|1m|3472.60|3475.00|3476.00|3472.00|3473.89|67|19934 
201510260941|IF0000|1m|3475.00|3474.40|3475.20|3472.20|3473.97|68|19910 
201510260942|IF0000|1m|3473.00|3475.40|3476.00|3472.80|3474.80|43|19908 
201510260943|IF0000|1m|3476.80|3480.00|3481.00|3476.00|3477.62|72|19902 
201510260944|IF0000|1m|3478.60|3480.00|3482.00|3478.00|3480.15|51|19897 
201510260945|IF0000|1m|3478.20|3476.80|3480.00|3476.00|3478.17|48|19894 
201510260946|IF0000|1m|3477.20|3480.60|3480.60|3477.20|3478.54|38|19894 
201510260947|IF0000|1m|3480.60|3485.20|3486.00|3480.60|3482.66|53|19884 
201510260948|IF0000|1m|3485.20|3482.60|3485.20|3481.40|3483.72|37|19875 
201510260949|IF0000|1m|3483.60|3483.20|3484.00|3483.00|3483.51|37|19862 
201510260950|IF0000|1m|3484.00|3489.00|3489.00|3483.00|3486.84|82|19843 
201510260951|IF0000|1m|3488.60|3487.60|3489.40|3486.40|3488.33|74|19823 
201510260952|IF0000|1m|3487.60|3488.00|3488.00|3486.40|3487.13|53|19805 
201510260953|IF0000|1m|3488.00|3488.00|3488.00|3486.60|3487.30|39|19793 
201510260954|IF0000|1m|3488.20|3494.00|3495.00|3487.20|3492.72|113|19799 
201510260955|IF0000|1m|3492.80|3493.80|3496.00|3492.60|3494.34|60|19789 
201510260956|IF0000|1m|3492.40|3489.40|3494.80|3488.40|3490.62|53|19788 
201510260957|IF0000|1m|3492.00|3486.20|3492.00|3486.00|3489.04|56|19795 
201510260958|IF0000|1m|3486.00|3485.00|3486.00|3483.00|3484.46|48|19779 
201510260959|IF0000|1m|3484.60|3482.60|3484.60|3482.60|3483.91|32|19772 
201510261000|IF0000|1m|3483.20|3480.20|3484.40|3480.00|3481.60|75|19759 
201510261001|IF0000|1m|3480.20|3483.40|3485.20|3479.00|3482.02|65|19755 
201510261002|IF0000|1m|3483.00|3482.00|3485.00|3482.00|3483.80|33|19760 
201510261003|IF0000|1m|3482.60|3477.20|3483.60|3476.40|3480.08|44|19744 
201510261004|IF0000|1m|3478.40|3480.00|3483.20|3478.40|3480.43|33|19743 
201510261005|IF0000|1m|3480.20|3475.00|3480.20|3475.00|3477.07|57|19728 
201510261006|IF0000|1m|3475.00|3477.80|3478.40|3475.00|3476.59|38|19721 
201510261007|IF0000|1m|3476.00|3480.60|3480.60|3474.60|3477.76|51|19711 
201510261008|IF0000|1m|3480.80|3477.00|3480.80|3477.00|3478.51|37|19703 
201510261009|IF0000|1m|3476.80|3468.60|3477.20|3464.20|3472.70|132|19677 
201510261010|IF0000|1m|3467.60|3465.80|3467.60|3463.00|3464.60|107|19635 
201510261011|IF0000|1m|3465.80|3472.60|3472.60|3464.80|3468.34|57|19610 
201510261012|IF0000|1m|3472.80|3471.20|3472.80|3470.00|3471.50|37|19598 
201510261013|IF0000|1m|3470.60|3475.00|3477.20|3470.40|3473.95|40|19597 
201510261014|IF0000|1m|3475.60|3474.80|3476.20|3474.60|3475.45|27|19593 
201510261015|IF0000|1m|3474.80|3469.00|3474.80|3468.40|3470.59|42|19589 
201510261016|IF0000|1m|3468.60|3478.00|3478.80|3468.60|3473.65|43|19582 
201510261017|IF0000|1m|3477.80|3478.40|3478.60|3476.00|3477.60|23|19573 
201510261018|IF0000|1m|3478.00|3472.00|3478.60|3469.60|3473.05|60|19573 
201510261019|IF0000|1m|3472.00|3474.00|3475.40|3472.00|3473.55|25|19574 
201510261020|IF0000|1m|3474.00|3473.20|3474.60|3473.00|3474.04|36|19576 
201510261021|IF0000|1m|3474.00|3478.20|3478.20|3474.00|3476.20|25|19565 
201510261022|IF0000|1m|3478.60|3476.60|3478.80|3473.80|3476.28|34|19565 
201510261023|IF0000|1m|3477.00|3480.40|3481.60|3476.60|3479.92|76|19553 
201510261024|IF0000|1m|3480.20|3476.00|3480.40|3475.00|3477.67|31|19552 
201510261025|IF0000|1m|3476.00|3474.80|3476.40|3474.00|3474.62|30|19543 
201510261026|IF0000|1m|3475.00|3480.00|3481.00|3475.00|3477.64|23|19543 
201510261027|IF0000|1m|3478.80|3473.00|3479.80|3473.00|3476.95|21|19543 
201510261028|IF0000|1m|3472.80|3475.20|3476.40|3472.60|3474.35|24|19538 
201510261029|IF0000|1m|3475.40|3475.20|3477.00|3475.00|3475.41|18|19532 
201510261030|IF0000|1m|3476.80|3473.20|3477.20|3473.20|3474.38|41|19530 
201510261031|IF0000|1m|3474.40|3477.60|3477.80|3473.80|3476.53|51|19521 
201510261032|IF0000|1m|3475.20|3476.60|3481.00|3475.20|3478.18|33|19523 
201510261033|IF0000|1m|3477.60|3482.00|3482.00|3477.60|3479.82|34|19517 
201510261034|IF0000|1m|3481.80|3485.60|3489.20|3481.80|3485.86|90|19512 
201510261035|IF0000|1m|3485.20|3482.20|3486.00|3482.20|3483.75|22|19506 
201510261036|IF0000|1m|3482.00|3483.80|3485.00|3482.00|3483.88|35|19509 
201510261037|IF0000|1m|3483.60|3479.60|3484.80|3479.40|3482.42|39|19505 
201510261038|IF0000|1m|3479.40|3480.80|3482.00|3479.40|3481.10|25|19505 
201510261039|IF0000|1m|3480.40|3479.00|3481.40|3479.00|3479.75|45|19511 
201510261040|IF0000|1m|3479.00|3479.20|3480.00|3479.00|3479.33|32|19524 
201510261041|IF0000|1m|3479.00|3474.60|3479.00|3473.80|3475.99|39|19536 
201510261042|IF0000|1m|3473.80|3467.00|3476.20|3466.40|3469.53|120|19549 
201510261043|IF0000|1m|3467.00|3473.00|3473.00|3467.00|3471.28|43|19547 
201510261044|IF0000|1m|3472.60|3467.60|3473.00|3467.60|3470.51|34|19552 
201510261045|IF0000|1m|3468.00|3466.00|3468.00|3464.00|3465.92|101|19537 
201510261046|IF0000|1m|3465.80|3467.80|3469.80|3463.20|3466.57|56|19529 
201510261047|IF0000|1m|3469.00|3465.80|3469.00|3465.00|3466.65|29|19535 
201510261048|IF0000|1m|3465.60|3467.40|3469.20|3464.40|3467.17|36|19529 
201510261049|IF0000|1m|3468.60|3468.60|3468.60|3467.20|3468.26|25|19535 
201510261050|IF0000|1m|3468.60|3470.40|3474.60|3467.20|3470.76|58|19524 
201510261051|IF0000|1m|3469.40|3471.20|3472.60|3468.80|3470.98|29|19518 
201510261052|IF0000|1m|3471.20|3469.00|3471.20|3468.40|3469.72|22|19514 
201510261053|IF0000|1m|3469.40|3467.00|3469.40|3466.00|3467.52|33|19516 
201510261054|IF0000|1m|3466.20|3471.40|3472.60|3466.00|3468.94|40|19517 
201510261055|IF0000|1m|3470.60|3475.20|3476.80|3470.00|3473.61|34|19528 
201510261056|IF0000|1m|3474.80|3473.40|3475.20|3472.00|3473.58|25|19533 
201510261057|IF0000|1m|3474.20|3474.20|3475.00|3473.20|3474.07|18|19538 
201510261058|IF0000|1m|3474.20|3482.00|3482.00|3474.20|3479.74|64|19540 
201510261059|IF0000|1m|3481.40|3478.80|3483.60|3477.40|3481.18|49|19545 
201510261100|IF0000|1m|3477.40|3478.80|3478.80|3475.60|3477.20|26|19552 
201510261101|IF0000|1m|3478.80|3483.00|3483.00|3478.40|3480.50|31|19555 
201510261102|IF0000|1m|3481.20|3478.00|3481.20|3477.20|3478.78|25|19560 
201510261103|IF0000|1m|3478.00|3476.40|3478.00|3476.20|3476.98|18|19561 
201510261104|IF0000|1m|3476.40|3478.00|3478.00|3476.40|3477.30|10|19566 
201510261105|IF0000|1m|3478.00|3477.20|3478.00|3476.60|3477.28|16|19570 
201510261106|IF0000|1m|3476.60|3476.20|3477.40|3476.00|3476.69|13|19574 
201510261107|IF0000|1m|3476.20|3483.80|3484.80|3476.20|3479.58|29|19575 
201510261108|IF0000|1m|3482.60|3487.60|3488.60|3481.20|3485.17|64|19580 
201510261109|IF0000|1m|3487.20|3484.60|3488.60|3484.60|3486.95|44|19592 
201510261110|IF0000|1m|3485.00|3488.80|3488.80|3483.40|3485.67|41|19606 
201510261111|IF0000|1m|3489.00|3486.80|3490.00|3485.80|3487.70|55|19622 
201510261112|IF0000|1m|3486.80|3485.20|3487.80|3483.60|3485.92|32|19631 
201510261113|IF0000|1m|3484.00|3478.60|3485.40|3478.60|3481.06|44|19635 
201510261114|IF0000|1m|3478.00|3479.40|3480.40|3476.20|3478.37|26|19641 
201510261115|IF0000|1m|3479.40|3485.60|3485.60|3479.40|3481.44|22|19643 
201510261116|IF0000|1m|3485.20|3490.00|3490.00|3485.20|3487.96|43|19643 
201510261117|IF0000|1m|3490.00|3485.20|3490.00|3485.20|3487.69|37|19650 
201510261118|IF0000|1m|3485.40|3478.00|3485.40|3475.20|3479.92|43|19665 
201510261119|IF0000|1m|3477.00|3477.80|3477.80|3475.40|3476.21|32|19670 
201510261120|IF0000|1m|3477.20|3475.00|3480.40|3475.00|3477.48|42|19680 
201510261121|IF0000|1m|3472.20|3475.60|3475.60|3468.00|3471.64|54|19685 
201510261122|IF0000|1m|3473.60|3482.40|3485.40|3473.60|3480.53|44|19696 
201510261123|IF0000|1m|3482.20|3482.20|3483.40|3477.40|3480.21|41|19710 
201510261124|IF0000|1m|3478.60|3479.40|3481.00|3478.60|3479.85|9|19708 
201510261125|IF0000|1m|3480.40|3483.80|3484.40|3479.60|3482.99|21|19707 
201510261126|IF0000|1m|3482.80|3479.80|3483.40|3479.80|3481.68|14|19705 
201510261127|IF0000|1m|3479.80|3480.80|3483.40|3478.40|3481.17|19|19705 
201510261128|IF0000|1m|3480.80|3482.60|3484.40|3476.00|3479.35|17|19705 
201510261129|IF0000|1m|3483.00|3482.00|3483.00|3479.80|3481.87|11|19710 
201510261300|IF0000|1m|3480.40|3490.20|3491.60|3480.40|3488.57|55|19719 
201510261301|IF0000|1m|3490.80|3475.00|3491.00|3475.00|3485.33|42|19723 
201510261302|IF0000|1m|3475.00|3473.60|3475.20|3471.20|3473.61|54|19747 
201510261303|IF0000|1m|3473.60|3471.40|3476.00|3471.20|3472.42|30|19748 
201510261304|IF0000|1m|3471.60|3479.40|3479.60|3471.40|3474.92|38|19750 
201510261305|IF0000|1m|3478.80|3476.60|3479.00|3475.80|3477.69|17|19758 
201510261306|IF0000|1m|3476.60|3474.80|3476.60|3472.60|3474.82|25|19764 
201510261307|IF0000|1m|3475.80|3478.20|3478.40|3475.80|3477.26|29|19775 
201510261308|IF0000|1m|3476.80|3479.40|3479.40|3475.00|3476.71|16|19778 
201510261309|IF0000|1m|3479.40|3478.80|3479.60|3476.80|3478.58|15|19779 
201510261310|IF0000|1m|3479.60|3484.00|3484.00|3479.60|3481.75|52|19792 
201510261311|IF0000|1m|3484.00|3486.00|3486.00|3483.40|3484.67|39|19805 
201510261312|IF0000|1m|3486.00|3484.00|3489.40|3484.00|3486.34|31|19813 
201510261313|IF0000|1m|3484.80|3483.00|3485.00|3481.80|3483.61|16|19819 
201510261314|IF0000|1m|3482.80|3486.40|3489.80|3482.60|3485.54|34|19833 
201510261315|IF0000|1m|3488.00|3486.80|3490.60|3486.80|3488.15|35|19832 
201510261316|IF0000|1m|3486.80|3484.00|3486.80|3484.00|3484.84|21|19840 
201510261317|IF0000|1m|3482.80|3482.20|3482.80|3480.40|3481.36|19|19846 
201510261318|IF0000|1m|3482.20|3483.20|3483.20|3482.20|3482.80|9|19847 
201510261319|IF0000|1m|3483.40|3482.60|3483.40|3481.40|3482.47|15|19855 
201510261320|IF0000|1m|3483.00|3487.20|3489.00|3483.00|3486.41|23|19856 
201510261321|IF0000|1m|3487.80|3492.60|3492.80|3486.60|3490.82|50|19864 
201510261322|IF0000|1m|3492.60|3491.00|3492.80|3488.80|3490.85|29|19867 
201510261323|IF0000|1m|3489.40|3494.20|3495.00|3489.40|3493.04|47|19872 
201510261324|IF0000|1m|3495.00|3492.60|3495.00|3491.40|3493.31|37|19879 
201510261325|IF0000|1m|3491.20|3492.00|3492.20|3489.20|3490.89|29|19882 
201510261326|IF0000|1m|3492.00|3492.60|3492.80|3490.60|3491.73|23|19888 
201510261327|IF0000|1m|3492.60|3490.40|3492.60|3489.20|3490.52|33|19891 
201510261328|IF0000|1m|3491.00|3492.00|3492.00|3491.00|3491.66|14|19901 
201510261329|IF0000|1m|3491.40|3492.00|3492.00|3490.60|3491.52|18|19906 
201510261330|IF0000|1m|3492.80|3489.20|3492.80|3488.40|3490.58|42|19910 
201510261331|IF0000|1m|3488.80|3488.20|3489.80|3488.20|3489.04|26|19921 
201510261332|IF0000|1m|3487.40|3485.60|3487.40|3485.20|3485.87|34|19922 
201510261333|IF0000|1m|3485.60|3484.80|3485.60|3483.20|3483.99|60|19946 
201510261334|IF0000|1m|3484.40|3482.80|3484.80|3482.80|3483.64|38|19955 
201510261335|IF0000|1m|3482.40|3481.60|3484.00|3481.60|3482.70|37|19962 
201510261336|IF0000|1m|3481.60|3473.80|3481.60|3473.80|3476.61|99|19963 
201510261337|IF0000|1m|3473.80|3475.00|3476.40|3473.40|3474.79|57|19973 
201510261338|IF0000|1m|3475.00|3472.20|3475.20|3469.60|3471.96|82|19992 
201510261339|IF0000|1m|3472.40|3474.20|3476.00|3471.20|3473.56|38|20010 
201510261340|IF0000|1m|3474.20|3476.60|3476.60|3473.40|3474.65|28|20025 
201510261341|IF0000|1m|3476.60|3476.00|3477.00|3475.20|3476.29|21|20030 
201510261342|IF0000|1m|3476.60|3474.80|3476.80|3474.20|3475.32|16|20032 
201510261343|IF0000|1m|3475.00|3476.00|3476.00|3474.60|3475.05|18|20034 
201510261344|IF0000|1m|3476.00|3471.60|3476.00|3471.60|3474.07|36|20038 
201510261345|IF0000|1m|3471.60|3467.80|3471.60|3467.40|3468.30|66|20046 
201510261346|IF0000|1m|3467.60|3460.00|3468.20|3460.00|3463.27|152|20059 
201510261347|IF0000|1m|3460.20|3458.40|3460.40|3455.20|3458.51|99|20064 
201510261348|IF0000|1m|3460.00|3463.80|3464.20|3457.60|3461.92|61|20078 
201510261349|IF0000|1m|3463.40|3461.20|3464.40|3461.00|3462.61|40|20085 
201510261350|IF0000|1m|3461.20|3458.20|3461.20|3453.00|3457.45|98|20095 
201510261351|IF0000|1m|3458.20|3464.40|3464.40|3458.20|3462.65|45|20105 
201510261352|IF0000|1m|3463.00|3461.80|3464.40|3461.80|3462.95|28|20113 
201510261353|IF0000|1m|3461.60|3462.00|3464.00|3460.80|3461.61|29|20114 
201510261354|IF0000|1m|3462.00|3456.60|3462.20|3455.20|3458.11|51|20121 
201510261355|IF0000|1m|3457.40|3461.00|3461.00|3452.60|3456.29|104|20138 
201510261356|IF0000|1m|3459.60|3462.20|3462.20|3459.60|3460.69|42|20153 
201510261357|IF0000|1m|3462.40|3460.80|3462.40|3460.20|3461.18|26|20166 
201510261358|IF0000|1m|3461.60|3464.40|3467.00|3461.00|3463.14|57|20190 
201510261359|IF0000|1m|3466.60|3467.00|3467.20|3464.60|3466.14|32|20198 
201510261400|IF0000|1m|3466.40|3465.80|3466.40|3462.40|3464.07|34|20199 
201510261401|IF0000|1m|3463.80|3466.00|3466.00|3463.80|3464.89|26|20212 
201510261402|IF0000|1m|3466.20|3466.80|3467.20|3465.80|3466.88|32|20231 
201510261403|IF0000|1m|3467.00|3465.40|3467.00|3465.00|3465.75|16|20241 
201510261404|IF0000|1m|3464.80|3466.00|3466.40|3464.00|3465.16|16|20248 
201510261405|IF0000|1m|3466.60|3471.40|3473.40|3465.40|3470.30|65|20274 
201510261406|IF0000|1m|3470.00|3471.00|3471.00|3468.80|3469.84|26|20287 
201510261407|IF0000|1m|3471.00|3474.00|3474.00|3470.20|3472.02|45|20305 
201510261408|IF0000|1m|3473.60|3474.60|3475.00|3473.00|3473.75|47|20317 
201510261409|IF0000|1m|3475.00|3472.80|3475.40|3472.80|3473.80|28|20323 
201510261410|IF0000|1m|3472.80|3474.00|3474.80|3471.60|3473.00|21|20330 
201510261411|IF0000|1m|3474.00|3471.60|3474.40|3471.60|3473.55|27|20329 
201510261412|IF0000|1m|3471.60|3469.80|3472.40|3469.20|3470.33|33|20346 
201510261413|IF0000|1m|3469.60|3470.20|3470.20|3469.20|3469.63|23|20359 
201510261414|IF0000|1m|3470.20|3472.80|3472.80|3469.80|3471.80|19|20371 
201510261415|IF0000|1m|3471.40|3462.80|3471.40|3462.40|3466.98|47|20390 
201510261416|IF0000|1m|3461.40|3462.80|3465.00|3461.40|3463.09|41|20406 
201510261417|IF0000|1m|3462.60|3457.20|3463.80|3456.40|3458.88|45|20425 
201510261418|IF0000|1m|3457.40|3457.60|3459.00|3457.00|3458.09|36|20439 
201510261419|IF0000|1m|3459.00|3463.00|3467.40|3459.00|3461.73|42|20444 
201510261420|IF0000|1m|3464.00|3465.20|3466.60|3463.00|3464.35|27|20453 
201510261421|IF0000|1m|3465.80|3463.80|3468.40|3463.80|3466.28|23|20456 
201510261422|IF0000|1m|3463.20|3463.00|3464.00|3462.80|3463.21|20|20462 
201510261423|IF0000|1m|3463.00|3461.40|3463.00|3461.20|3461.88|24|20468 
201510261424|IF0000|1m|3461.80|3459.40|3462.00|3459.40|3460.48|23|20473 
201510261425|IF0000|1m|3459.00|3448.20|3459.00|3448.00|3452.41|160|20475 
201510261426|IF0000|1m|3447.60|3449.00|3452.60|3446.80|3449.53|94|20498 
201510261427|IF0000|1m|3449.20|3443.20|3449.20|3442.60|3445.25|115|20514 
201510261428|IF0000|1m|3443.20|3442.40|3444.20|3438.20|3441.92|120|20550 
201510261429|IF0000|1m|3442.40|3443.20|3444.80|3438.00|3441.35|73|20587 
201510261430|IF0000|1m|3443.00|3443.20|3446.60|3442.20|3444.09|63|20618 
201510261431|IF0000|1m|3443.20|3447.80|3447.80|3443.20|3445.77|41|20631 
201510261432|IF0000|1m|3447.80|3453.00|3454.80|3447.80|3450.20|85|20655 
201510261433|IF0000|1m|3452.60|3453.60|3453.80|3450.60|3452.17|46|20672 
201510261434|IF0000|1m|3451.40|3451.80|3453.80|3451.20|3452.23|32|20685 
201510261435|IF0000|1m|3451.20|3451.40|3451.80|3449.60|3451.09|33|20703 
201510261436|IF0000|1m|3451.00|3453.00|3454.60|3451.00|3452.15|38|20712 
201510261437|IF0000|1m|3453.80|3453.60|3454.80|3453.00|3453.73|24|20717 
201510261438|IF0000|1m|3453.00|3454.20|3455.00|3451.80|3453.59|34|20731 
201510261439|IF0000|1m|3454.20|3453.80|3454.40|3451.60|3453.67|23|20736 
201510261440|IF0000|1m|3453.00|3457.00|3459.40|3453.00|3456.82|54|20759 
201510261441|IF0000|1m|3455.00|3455.40|3458.20|3454.60|3456.71|51|20770 
201510261442|IF0000|1m|3455.20|3457.80|3457.80|3455.00|3457.07|37|20783 
201510261443|IF0000|1m|3455.20|3452.20|3456.80|3450.00|3453.86|57|20820 
201510261444|IF0000|1m|3452.40|3448.00|3452.40|3445.80|3448.33|42|20834 
201510261445|IF0000|1m|3447.40|3453.80|3453.80|3446.40|3450.17|37|20843 
201510261446|IF0000|1m|3452.60|3455.20|3457.60|3452.20|3454.71|26|20860 
201510261447|IF0000|1m|3455.00|3458.00|3458.00|3455.00|3456.17|19|20867 
201510261448|IF0000|1m|3458.20|3458.80|3458.80|3456.80|3457.73|30|20879 
201510261449|IF0000|1m|3457.60|3454.00|3457.80|3452.80|3454.61|21|20889 
201510261450|IF0000|1m|3454.00|3456.20|3456.20|3454.00|3455.54|14|20898 
201510261451|IF0000|1m|3456.20|3461.60|3465.20|3456.20|3460.33|91|20939 
201510261452|IF0000|1m|3463.00|3464.80|3464.80|3460.80|3462.72|48|20958 
201510261453|IF0000|1m|3463.80|3465.00|3466.60|3463.40|3465.01|48|20979 
201510261454|IF0000|1m|3463.60|3463.20|3465.40|3463.20|3464.06|36|20998 
201510261455|IF0000|1m|3463.20|3463.80|3466.40|3463.20|3464.58|31|21013 
201510261456|IF0000|1m|3463.20|3460.00|3465.60|3460.00|3463.22|52|21041 
201510261457|IF0000|1m|3460.00|3462.00|3462.80|3460.00|3461.27|65|21089 
201510261458|IF0000|1m|3462.00|3463.00|3463.00|3461.60|3462.17|54|21126 
201510261459|IF0000|1m|3462.20|3465.80|3466.00|3462.20|3464.23|58|21154 
201510261500|IF0000|1m|3465.80|3467.00|3468.80|3464.80|3467.54|101|21184 
201510261501|IF0000|1m|3468.00|3463.80|3468.60|3463.20|3466.85|60|21217 
201510261502|IF0000|1m|3463.80|3463.20|3466.00|3463.20|3464.44|30|21234 
201510261503|IF0000|1m|3463.40|3465.60|3466.20|3463.00|3464.66|45|21250 
201510261504|IF0000|1m|3465.60|3470.60|3473.20|3465.60|3469.41|106|21306 
201510261505|IF0000|1m|3471.80|3469.20|3472.00|3469.00|3470.47|38|21336 
201510261506|IF0000|1m|3468.80|3471.00|3471.00|3468.80|3469.86|22|21350 
201510261507|IF0000|1m|3471.00|3470.00|3471.20|3469.80|3470.62|29|21364 
201510261508|IF0000|1m|3469.80|3469.40|3471.00|3469.20|3470.05|51|21397 
201510261509|IF0000|1m|3469.20|3467.80|3470.60|3467.80|3468.83|37|21416 
201510261510|IF0000|1m|3467.60|3469.80|3470.00|3467.20|3469.05|36|21430 
201510261511|IF0000|1m|3469.80|3471.00|3471.00|3469.60|3470.31|42|21463 
201510261512|IF0000|1m|3471.00|3470.00|3471.00|3469.80|3470.35|44|21498 
201510261513|IF0000|1m|3470.00|3472.40|3472.40|3470.00|3470.71|75|21548 
201510261514|IF0000|1m|3471.60|3469.80|3472.20|3469.80|3471.33|95|21616 
201510270915|IF0000|1m|3461.20|3453.20|3464.40|3452.40|3456.38|192|21515 
201510270916|IF0000|1m|3453.20|3456.20|3456.20|3453.20|3454.92|83|21466 
201510270917|IF0000|1m|3455.40|3454.20|3456.80|3454.00|3455.44|63|21424 
201510270918|IF0000|1m|3455.00|3454.80|3455.80|3453.80|3454.64|37|21415 
201510270919|IF0000|1m|3454.80|3451.40|3455.00|3450.60|3453.44|52|21387 
201510270920|IF0000|1m|3451.80|3450.20|3454.20|3450.20|3453.18|52|21356 
201510270921|IF0000|1m|3450.20|3448.80|3451.00|3448.80|3450.21|57|21318 
201510270922|IF0000|1m|3450.20|3448.80|3450.60|3448.80|3449.93|51|21278 
201510270923|IF0000|1m|3448.80|3442.60|3448.80|3442.60|3447.26|65|21241 
201510270924|IF0000|1m|3443.00|3446.60|3448.20|3442.20|3445.33|53|21208 
201510270925|IF0000|1m|3446.80|3445.00|3446.80|3444.80|3445.44|38|21195 
201510270926|IF0000|1m|3445.20|3446.60|3447.00|3444.60|3445.75|38|21176 
201510270927|IF0000|1m|3447.60|3448.00|3449.80|3446.20|3448.38|51|21144 
201510270928|IF0000|1m|3447.40|3444.60|3448.00|3444.20|3445.66|45|21116 
201510270929|IF0000|1m|3444.60|3442.40|3445.00|3441.20|3443.52|70|21083 
201510270930|IF0000|1m|3444.20|3446.60|3448.40|3442.20|3446.11|47|21056 
201510270931|IF0000|1m|3447.80|3442.80|3448.00|3442.20|3444.91|53|21029 
201510270932|IF0000|1m|3441.20|3441.20|3443.00|3440.20|3441.16|88|20983 
201510270933|IF0000|1m|3441.20|3444.20|3446.60|3441.20|3444.30|62|20957 
201510270934|IF0000|1m|3444.20|3446.00|3446.00|3443.40|3444.41|38|20938 
201510270935|IF0000|1m|3446.00|3441.20|3446.80|3441.20|3444.93|42|20909 
201510270936|IF0000|1m|3441.20|3435.00|3441.20|3432.40|3436.94|109|20855 
201510270937|IF0000|1m|3435.00|3437.60|3437.60|3435.00|3436.40|65|20828 
201510270938|IF0000|1m|3437.20|3440.00|3440.00|3435.80|3437.58|94|20817 
201510270939|IF0000|1m|3440.00|3441.20|3444.40|3440.00|3442.12|83|20779 
201510270940|IF0000|1m|3441.20|3439.40|3441.20|3438.00|3438.95|32|20769 
201510270941|IF0000|1m|3439.20|3440.60|3442.00|3438.80|3440.55|49|20748 
201510270942|IF0000|1m|3439.00|3440.00|3440.40|3437.80|3439.77|25|20740 
201510270943|IF0000|1m|3440.00|3437.20|3440.00|3435.40|3438.36|41|20718 
201510270944|IF0000|1m|3436.60|3435.00|3436.60|3434.60|3435.26|55|20695 
201510270945|IF0000|1m|3434.60|3434.60|3434.60|3430.00|3433.25|93|20651 
201510270946|IF0000|1m|3433.40|3438.60|3439.00|3433.40|3436.17|54|20629 
201510270947|IF0000|1m|3437.80|3438.80|3439.00|3436.20|3437.92|40|20621 
201510270948|IF0000|1m|3438.80|3435.20|3438.80|3432.60|3434.82|51|20595 
201510270949|IF0000|1m|3435.20|3438.20|3438.80|3435.20|3437.79|47|20579 
201510270950|IF0000|1m|3437.20|3438.80|3439.00|3436.40|3437.54|45|20557 
201510270951|IF0000|1m|3438.80|3439.20|3439.20|3437.80|3438.29|39|20548 
201510270952|IF0000|1m|3439.20|3439.20|3442.00|3439.20|3440.44|60|20521 
201510270953|IF0000|1m|3440.00|3439.20|3440.60|3437.20|3438.76|37|20518 
201510270954|IF0000|1m|3437.60|3437.40|3438.60|3437.40|3437.85|24|20512 
201510270955|IF0000|1m|3438.40|3439.40|3439.60|3437.20|3438.52|40|20500 
201510270956|IF0000|1m|3439.00|3439.00|3441.00|3438.20|3439.26|45|20480 
201510270957|IF0000|1m|3438.80|3440.40|3440.40|3438.20|3439.31|40|20473 
201510270958|IF0000|1m|3440.00|3438.40|3440.20|3438.20|3439.20|40|20454 
201510270959|IF0000|1m|3438.40|3440.00|3441.00|3438.40|3439.78|57|20433 
201510271000|IF0000|1m|3440.00|3438.80|3440.00|3438.00|3438.72|59|20411 
201510271001|IF0000|1m|3438.20|3435.60|3438.80|3435.00|3437.20|92|20365 
201510271002|IF0000|1m|3435.60|3432.00|3435.60|3431.80|3433.91|65|20337 
201510271003|IF0000|1m|3431.80|3433.60|3434.80|3430.00|3431.80|103|20316 
201510271004|IF0000|1m|3433.40|3430.60|3433.40|3430.60|3432.15|43|20304 
201510271005|IF0000|1m|3430.40|3426.20|3430.40|3422.00|3425.87|178|20234 
201510271006|IF0000|1m|3426.20|3427.40|3427.40|3423.80|3425.55|69|20195 
201510271007|IF0000|1m|3427.40|3425.00|3427.60|3424.40|3426.13|49|20185 
201510271008|IF0000|1m|3425.00|3428.00|3428.60|3424.20|3426.69|27|20178 
201510271009|IF0000|1m|3426.60|3426.20|3427.00|3424.00|3425.78|47|20161 
201510271010|IF0000|1m|3426.00|3427.00|3427.00|3420.60|3423.63|82|20145 
201510271011|IF0000|1m|3425.20|3422.60|3427.80|3422.20|3424.82|80|20132 
201510271012|IF0000|1m|3422.60|3426.00|3427.00|3422.00|3424.95|79|20107 
201510271013|IF0000|1m|3425.00|3427.20|3427.20|3424.20|3425.52|45|20094 
201510271014|IF0000|1m|3427.20|3428.40|3429.80|3427.00|3428.42|39|20087 
201510271015|IF0000|1m|3428.40|3427.40|3428.60|3426.00|3427.60|46|20083 
201510271016|IF0000|1m|3427.20|3427.60|3428.80|3426.40|3427.56|35|20079 
201510271017|IF0000|1m|3428.20|3426.20|3428.40|3426.20|3427.54|38|20072 
201510271018|IF0000|1m|3426.00|3428.40|3428.40|3422.60|3425.18|48|20060 
201510271019|IF0000|1m|3427.60|3427.80|3428.40|3426.20|3427.01|30|20066 
201510271020|IF0000|1m|3427.00|3419.00|3427.00|3419.00|3422.93|75|20067 
201510271021|IF0000|1m|3419.00|3418.80|3425.20|3416.00|3418.83|107|20038 
201510271022|IF0000|1m|3416.00|3410.60|3418.80|3410.00|3412.78|139|20017 
201510271023|IF0000|1m|3410.40|3406.00|3410.40|3405.60|3406.93|154|19990 
201510271024|IF0000|1m|3406.20|3408.80|3409.80|3405.00|3406.86|117|19969 
201510271025|IF0000|1m|3408.80|3407.60|3408.80|3405.00|3406.35|79|19965 
201510271026|IF0000|1m|3407.60|3406.20|3408.00|3405.00|3406.32|53|19958 
201510271027|IF0000|1m|3406.20|3410.00|3411.00|3403.00|3405.87|78|19970 
201510271028|IF0000|1m|3408.20|3403.00|3410.00|3403.00|3406.06|49|19961 
201510271029|IF0000|1m|3403.00|3401.40|3404.80|3401.20|3403.04|91|19952 
201510271030|IF0000|1m|3401.20|3398.00|3401.20|3393.40|3396.94|193|19928 
201510271031|IF0000|1m|3397.80|3399.80|3402.00|3396.00|3399.32|69|19921 
201510271032|IF0000|1m|3399.60|3391.40|3400.00|3391.20|3395.38|99|19919 
201510271033|IF0000|1m|3391.40|3389.80|3391.40|3385.80|3387.92|156|19894 
201510271034|IF0000|1m|3386.60|3386.60|3389.40|3382.60|3386.59|141|19861 
201510271035|IF0000|1m|3384.80|3391.80|3391.80|3382.60|3386.12|111|19868 
201510271036|IF0000|1m|3392.00|3394.00|3394.00|3390.80|3392.65|95|19865 
201510271037|IF0000|1m|3393.60|3395.60|3395.80|3393.00|3394.53|69|19868 
201510271038|IF0000|1m|3395.80|3391.60|3395.80|3391.00|3392.76|51|19865 
201510271039|IF0000|1m|3391.60|3398.60|3398.60|3391.20|3393.22|42|19873 
201510271040|IF0000|1m|3398.40|3397.20|3398.40|3393.80|3396.24|53|19877 
201510271041|IF0000|1m|3397.20|3400.60|3400.60|3396.80|3398.96|61|19868 
201510271042|IF0000|1m|3401.00|3394.80|3401.00|3391.80|3396.10|58|19866 
201510271043|IF0000|1m|3394.40|3399.40|3400.60|3394.20|3398.03|42|19876 
201510271044|IF0000|1m|3399.40|3396.00|3400.00|3395.20|3397.58|54|19879 
201510271045|IF0000|1m|3397.00|3392.00|3397.00|3391.40|3393.66|58|19868 
201510271046|IF0000|1m|3391.60|3397.20|3399.00|3390.80|3393.47|60|19862 
201510271047|IF0000|1m|3399.80|3400.40|3401.00|3397.60|3399.99|48|19871 
201510271048|IF0000|1m|3400.40|3400.40|3400.40|3398.60|3399.81|29|19879 
201510271049|IF0000|1m|3400.40|3406.80|3407.60|3400.40|3403.62|97|19903 
201510271050|IF0000|1m|3406.80|3400.80|3407.40|3400.80|3403.61|60|19911 
201510271051|IF0000|1m|3400.80|3396.60|3400.80|3396.60|3398.63|34|19912 
201510271052|IF0000|1m|3397.40|3398.40|3401.00|3396.80|3399.06|48|19914 
201510271053|IF0000|1m|3398.40|3399.00|3400.40|3397.20|3398.34|29|19914 
201510271054|IF0000|1m|3398.00|3395.40|3399.00|3392.80|3396.09|41|19920 
201510271055|IF0000|1m|3395.20|3394.60|3396.20|3393.60|3394.93|28|19921 
201510271056|IF0000|1m|3395.20|3398.20|3399.20|3395.20|3397.59|12|19924 
201510271057|IF0000|1m|3398.60|3403.20|3405.00|3398.60|3402.46|49|19934 
201510271058|IF0000|1m|3404.20|3402.00|3404.20|3402.00|3403.02|20|19940 
201510271059|IF0000|1m|3402.60|3400.00|3402.60|3399.00|3400.41|24|19948 
201510271100|IF0000|1m|3400.00|3401.60|3401.60|3398.60|3400.02|40|19971 
201510271101|IF0000|1m|3401.60|3406.80|3407.00|3401.60|3404.75|38|19967 
201510271102|IF0000|1m|3405.40|3406.80|3406.80|3402.40|3405.23|54|19969 
201510271103|IF0000|1m|3406.40|3409.20|3409.20|3404.20|3405.98|38|19966 
201510271104|IF0000|1m|3410.00|3406.20|3410.00|3406.20|3408.06|72|19973 
201510271105|IF0000|1m|3406.00|3404.80|3406.00|3402.40|3404.36|32|19991 
201510271106|IF0000|1m|3402.60|3404.00|3405.20|3402.60|3404.04|22|20000 
201510271107|IF0000|1m|3404.40|3406.80|3406.80|3404.00|3405.29|21|20000 
201510271108|IF0000|1m|3406.80|3409.40|3409.40|3406.80|3408.28|22|20008 
201510271109|IF0000|1m|3409.00|3406.80|3409.60|3406.60|3407.71|22|20013 
201510271110|IF0000|1m|3406.40|3405.00|3408.00|3402.20|3404.77|40|20021 
201510271111|IF0000|1m|3402.20|3403.20|3404.20|3402.20|3403.14|19|20031 
201510271112|IF0000|1m|3403.00|3401.00|3404.20|3400.40|3401.93|35|20041 
201510271113|IF0000|1m|3400.60|3402.40|3402.80|3400.60|3401.62|23|20046 
201510271114|IF0000|1m|3402.20|3396.20|3402.20|3396.20|3399.65|32|20051 
201510271115|IF0000|1m|3396.20|3395.40|3397.80|3395.20|3395.81|47|20057 
201510271116|IF0000|1m|3395.80|3397.20|3397.20|3392.00|3394.04|56|20059 
201510271117|IF0000|1m|3396.20|3396.00|3399.20|3396.00|3397.16|21|20066 
201510271118|IF0000|1m|3396.60|3399.80|3402.40|3396.60|3399.69|35|20072 
201510271119|IF0000|1m|3400.00|3401.80|3401.80|3399.40|3400.71|24|20076 
201510271120|IF0000|1m|3401.80|3399.20|3402.00|3399.20|3400.19|13|20076 
201510271121|IF0000|1m|3399.20|3397.20|3399.60|3397.20|3398.50|19|20077 
201510271122|IF0000|1m|3397.20|3395.80|3397.20|3395.00|3396.02|15|20082 
201510271123|IF0000|1m|3395.80|3395.80|3395.80|3394.20|3395.18|19|20085 
201510271124|IF0000|1m|3395.80|3402.60|3402.60|3395.80|3399.89|24|20089 
201510271125|IF0000|1m|3402.80|3409.00|3410.00|3402.80|3407.47|44|20097 
201510271126|IF0000|1m|3408.60|3409.20|3409.20|3406.60|3407.82|23|20099 
201510271127|IF0000|1m|3409.40|3407.00|3409.40|3407.00|3408.44|28|20102 
201510271128|IF0000|1m|3406.60|3415.40|3419.20|3406.60|3413.61|140|20121 
201510271129|IF0000|1m|3415.40|3415.40|3418.60|3415.00|3416.31|85|20123 
201510271300|IF0000|1m|3415.40|3411.00|3415.40|3406.80|3410.33|52|20130 
201510271301|IF0000|1m|3414.00|3414.80|3415.40|3411.40|3413.80|35|20133 
201510271302|IF0000|1m|3414.80|3407.60|3415.20|3407.60|3411.64|19|20135 
201510271303|IF0000|1m|3408.60|3409.00|3409.00|3408.40|3408.51|12|20140 
201510271304|IF0000|1m|3409.00|3408.60|3409.60|3408.40|3408.97|18|20145 
201510271305|IF0000|1m|3408.60|3405.60|3409.00|3405.60|3407.08|22|20151 
201510271306|IF0000|1m|3405.40|3407.00|3407.00|3403.40|3404.97|25|20160 
201510271307|IF0000|1m|3405.80|3406.80|3407.60|3405.80|3406.66|11|20163 
201510271308|IF0000|1m|3406.60|3406.40|3410.20|3406.40|3407.87|29|20176 
201510271309|IF0000|1m|3406.40|3408.40|3408.40|3406.00|3407.37|9|20178 
201510271310|IF0000|1m|3408.60|3414.40|3417.00|3408.60|3413.81|46|20187 
201510271311|IF0000|1m|3416.20|3414.60|3416.80|3414.20|3415.74|31|20194 
201510271312|IF0000|1m|3414.40|3415.20|3415.80|3414.20|3414.44|10|20194 
201510271313|IF0000|1m|3414.20|3419.00|3419.00|3414.20|3416.08|35|20204 
201510271314|IF0000|1m|3419.00|3419.00|3419.80|3417.00|3418.72|50|20213 
201510271315|IF0000|1m|3419.00|3416.40|3419.80|3416.40|3417.89|42|20215 
201510271316|IF0000|1m|3416.60|3418.00|3418.00|3416.00|3416.60|29|20227 
201510271317|IF0000|1m|3417.00|3415.00|3417.00|3414.00|3415.74|33|20237 
201510271318|IF0000|1m|3415.00|3414.00|3415.20|3413.60|3414.44|21|20245 
201510271319|IF0000|1m|3414.20|3418.60|3418.80|3413.00|3416.15|18|20248 
201510271320|IF0000|1m|3419.00|3420.00|3420.60|3417.40|3419.34|31|20258 
201510280915|IF0000|1m|3477.00|3463.60|3477.00|3463.60|3467.53|225|22060 
201510280916|IF0000|1m|3463.20|3461.60|3465.60|3461.20|3463.42|167|21948 
201510280917|IF0000|1m|3464.00|3463.00|3464.00|3462.00|3462.60|61|21903 
201510280918|IF0000|1m|3463.40|3455.40|3463.40|3455.20|3459.21|129|21842 
201510280919|IF0000|1m|3455.40|3455.60|3458.40|3453.80|3456.36|96|21802 
201510280920|IF0000|1m|3457.00|3459.00|3459.60|3455.40|3457.46|76|21760 
201510280921|IF0000|1m|3459.20|3458.80|3459.60|3457.40|3458.73|62|21733 
201510280922|IF0000|1m|3459.00|3458.00|3459.00|3457.20|3458.15|29|21718 
201510280923|IF0000|1m|3458.00|3458.40|3458.60|3457.00|3457.68|31|21708 
201510280924|IF0000|1m|3459.20|3457.60|3459.40|3457.60|3458.88|34|21693 
201510280925|IF0000|1m|3457.40|3458.80|3458.80|3457.00|3457.75|25|21681 
201510280926|IF0000|1m|3459.00|3459.80|3459.80|3458.20|3459.30|56|21647 
201510280927|IF0000|1m|3459.80|3463.80|3464.00|3459.80|3462.72|74|21604 
201510280928|IF0000|1m|3464.00|3464.00|3465.80|3464.00|3464.90|56|21588 
201510280929|IF0000|1m|3465.00|3465.00|3465.20|3463.20|3464.30|38|21582 
201510280930|IF0000|1m|3463.40|3467.60|3467.60|3463.40|3464.98|55|21567 
201510280931|IF0000|1m|3467.60|3464.60|3467.60|3464.20|3465.52|62|21544 
201510280932|IF0000|1m|3464.60|3460.40|3465.00|3460.40|3462.47|84|21492 
201510280933|IF0000|1m|3461.40|3462.20|3462.80|3460.20|3461.69|49|21479 
201510280934|IF0000|1m|3462.40|3463.80|3464.20|3462.20|3463.53|30|21472 
201510280935|IF0000|1m|3463.60|3465.00|3465.00|3463.20|3464.18|35|21466 
201510280936|IF0000|1m|3464.00|3465.40|3465.40|3463.20|3463.88|31|21449 
201510280937|IF0000|1m|3465.60|3468.80|3468.80|3465.20|3467.06|53|21424 
201510280938|IF0000|1m|3469.00|3468.20|3469.80|3466.60|3468.32|51|21409 
201510280939|IF0000|1m|3467.60|3473.00|3473.00|3467.60|3469.45|65|21398 
201510280940|IF0000|1m|3473.00|3475.00|3475.00|3471.40|3472.61|75|21383 
201510280941|IF0000|1m|3474.00|3476.20|3480.00|3474.00|3477.68|117|21341 
201510280942|IF0000|1m|3477.00|3476.00|3477.80|3475.40|3476.25|51|21332 
201510280943|IF0000|1m|3475.60|3474.40|3477.00|3474.40|3476.31|31|21319 
201510280944|IF0000|1m|3473.20|3473.20|3475.00|3472.80|3473.25|42|21301 
201510280945|IF0000|1m|3473.00|3479.40|3482.20|3473.00|3478.47|93|21275 
201510280946|IF0000|1m|3480.00|3473.00|3480.60|3472.40|3474.91|67|21265 
201510280947|IF0000|1m|3474.00|3472.20|3475.60|3472.20|3473.82|38|21255 
201510280948|IF0000|1m|3472.20|3471.80|3472.40|3470.40|3471.55|77|21237 
201510280949|IF0000|1m|3472.40|3466.20|3472.40|3466.20|3468.92|64|21219 
201510280950|IF0000|1m|3467.60|3467.40|3469.00|3466.60|3467.65|42|21205 
201510280951|IF0000|1m|3469.20|3469.60|3472.00|3468.00|3469.80|61|21194 
201510280952|IF0000|1m|3470.00|3469.00|3471.60|3468.80|3469.68|37|21204 
201510280953|IF0000|1m|3468.80|3473.40|3474.00|3468.80|3472.02|44|21204 
201510280954|IF0000|1m|3473.60|3470.20|3474.40|3470.00|3472.37|29|21203 
201510280955|IF0000|1m|3471.40|3472.60|3472.80|3470.60|3471.79|20|21197 
201510280956|IF0000|1m|3472.60|3468.80|3472.60|3468.00|3470.13|51|21185 
201510280957|IF0000|1m|3468.40|3472.60|3473.60|3467.80|3470.72|38|21175 
201510280958|IF0000|1m|3474.20|3472.20|3474.20|3471.40|3472.37|29|21168 
201510280959|IF0000|1m|3474.40|3478.40|3478.40|3472.60|3475.53|51|21148 
201510281000|IF0000|1m|3478.40|3476.80|3479.80|3476.20|3478.47|46|21139 
201510281001|IF0000|1m|3476.60|3473.00|3478.40|3473.00|3476.72|44|21137 
201510281002|IF0000|1m|3473.20|3476.80|3478.40|3473.20|3476.72|45|21130 
201510281003|IF0000|1m|3477.00|3478.20|3479.20|3477.00|3478.36|44|21115 
201510281004|IF0000|1m|3478.80|3476.60|3478.80|3476.40|3477.11|35|21114 
201510281005|IF0000|1m|3476.60|3478.60|3479.00|3476.40|3477.73|26|21100 
201510281006|IF0000|1m|3478.80|3476.00|3478.80|3473.20|3475.46|33|21099 
201510281007|IF0000|1m|3477.40|3473.40|3477.40|3473.40|3475.28|27|21096 
201510281008|IF0000|1m|3474.80|3472.00|3477.20|3472.00|3474.28|32|21087 
201510281009|IF0000|1m|3472.60|3473.40|3476.00|3471.60|3472.79|34|21078 
201510281010|IF0000|1m|3473.60|3466.80|3473.60|3466.80|3469.39|61|21079 
201510281011|IF0000|1m|3467.00|3465.60|3467.60|3463.00|3464.85|80|21054 
201510281012|IF0000|1m|3466.40|3466.40|3467.40|3465.40|3466.10|36|21045 
201510281013|IF0000|1m|3465.60|3465.40|3467.00|3462.20|3463.58|67|21036 
201510281014|IF0000|1m|3464.60|3465.80|3467.80|3463.20|3465.54|35|21030 
201510281015|IF0000|1m|3465.60|3463.40|3465.60|3462.20|3463.27|48|21028 
201510281016|IF0000|1m|3463.40|3464.00|3466.20|3463.40|3464.60|23|21026 
201510281017|IF0000|1m|3464.40|3466.00|3466.80|3464.00|3465.53|76|20999 
201510281018|IF0000|1m|3466.00|3466.60|3466.80|3464.80|3466.19|41|20990 
201510281019|IF0000|1m|3466.60|3467.80|3469.20|3465.40|3467.26|34|20988 
201510281020|IF0000|1m|3467.60|3467.80|3468.80|3467.20|3468.10|21|20986 
201510281021|IF0000|1m|3467.80|3467.60|3468.00|3466.40|3467.18|19|20983 
201510281022|IF0000|1m|3468.00|3468.20|3469.80|3468.00|3468.69|25|20979 
201510281023|IF0000|1m|3468.00|3466.20|3468.80|3465.00|3467.16|44|20975 
201510281024|IF0000|1m|3466.00|3469.40|3470.60|3466.00|3468.86|34|20965 
201510281025|IF0000|1m|3469.80|3467.00|3470.00|3467.00|3468.72|37|20958 
201510281026|IF0000|1m|3468.40|3460.00|3468.60|3458.20|3463.15|119|20936 
201510281027|IF0000|1m|3458.60|3460.00|3461.40|3458.00|3460.24|58|20917 
201510281028|IF0000|1m|3460.20|3459.20|3461.20|3456.00|3458.60|85|20910 
201510281029|IF0000|1m|3459.00|3462.00|3462.40|3459.00|3460.58|30|20908 
201510281030|IF0000|1m|3462.00|3462.60|3462.60|3460.00|3461.50|39|20899 
201510281031|IF0000|1m|3462.60|3458.00|3462.60|3456.20|3458.96|32|20894 
201510281032|IF0000|1m|3455.60|3454.80|3457.00|3454.20|3455.23|74|20881 
201510281033|IF0000|1m|3454.20|3448.60|3454.20|3447.80|3449.79|140|20860 
201510281034|IF0000|1m|3448.40|3452.00|3453.20|3448.00|3450.77|70|20841 
201510281035|IF0000|1m|3452.00|3446.40|3452.00|3445.80|3449.72|73|20819 
201510281036|IF0000|1m|3446.20|3450.80|3450.80|3441.20|3446.31|128|20788 
201510281037|IF0000|1m|3450.80|3453.00|3453.00|3449.00|3451.70|58|20768 
201510281038|IF0000|1m|3453.00|3453.20|3453.20|3450.80|3452.38|38|20750 
201510281039|IF0000|1m|3453.20|3453.40|3453.80|3452.00|3453.39|27|20752 
201510281040|IF0000|1m|3453.40|3450.20|3453.40|3450.00|3451.43|25|20752 
201510281041|IF0000|1m|3450.60|3457.40|3457.40|3446.60|3451.75|40|20753 
201510281042|IF0000|1m|3457.80|3455.40|3458.00|3453.00|3455.84|52|20743 
201510281043|IF0000|1m|3456.40|3454.60|3456.80|3454.60|3455.84|14|20742 
201510281044|IF0000|1m|3455.00|3457.00|3458.00|3454.40|3456.28|30|20742 
201510281045|IF0000|1m|3457.40|3451.20|3457.40|3451.20|3455.20|36|20735 
201510281046|IF0000|1m|3451.20|3451.20|3453.60|3451.00|3451.60|21|20729 
201510281047|IF0000|1m|3453.80|3458.80|3458.80|3451.00|3454.81|28|20730 
201510281048|IF0000|1m|3459.00|3457.60|3459.00|3454.00|3456.75|25|20727 
201510281049|IF0000|1m|3457.80|3454.00|3457.80|3453.20|3455.48|20|20730 
201510281050|IF0000|1m|3454.00|3456.60|3456.60|3453.40|3454.46|26|20732 
201510281051|IF0000|1m|3458.00|3456.20|3458.00|3455.20|3456.36|19|20738 
201510281052|IF0000|1m|3456.80|3468.00|3468.40|3455.40|3462.48|104|20735 
201510281053|IF0000|1m|3468.40|3462.80|3468.40|3462.80|3465.42|59|20749 
201510281054|IF0000|1m|3463.80|3464.00|3465.20|3462.80|3463.94|42|20748 
201510281055|IF0000|1m|3463.40|3461.60|3464.80|3461.20|3462.84|37|20758 
201510281056|IF0000|1m|3462.20|3466.00|3466.00|3462.20|3463.81|27|20756 
201510281057|IF0000|1m|3466.00|3456.40|3466.80|3455.40|3461.28|60|20754 
201510281058|IF0000|1m|3458.80|3466.00|3466.00|3456.00|3460.46|39|20753 
201510281059|IF0000|1m|3466.00|3465.40|3466.80|3463.40|3465.64|39|20761 
201510281100|IF0000|1m|3463.00|3456.80|3463.40|3455.20|3458.69|64|20763 
201510281101|IF0000|1m|3456.80|3451.20|3457.00|3448.20|3452.57|80|20750 
201510281102|IF0000|1m|3451.60|3452.20|3454.40|3451.60|3452.95|24|20756 
201510281103|IF0000|1m|3452.40|3447.80|3452.60|3445.00|3449.94|66|20747 
201510281104|IF0000|1m|3447.60|3450.80|3450.80|3445.00|3447.47|51|20740 
201510281105|IF0000|1m|3449.40|3451.80|3452.40|3448.00|3451.12|54|20761 
201510281106|IF0000|1m|3452.80|3452.20|3453.20|3450.00|3451.65|21|20758 
201510281107|IF0000|1m|3452.60|3451.80|3452.60|3450.20|3451.48|17|20760 
201510281108|IF0000|1m|3451.80|3447.40|3452.00|3444.80|3448.28|58|20743 
201510281109|IF0000|1m|3447.80|3441.60|3448.00|3441.60|3445.12|65|20740 
201510281110|IF0000|1m|3440.40|3439.00|3444.00|3436.20|3440.84|150|20741 
201510281111|IF0000|1m|3439.00|3438.40|3440.60|3437.40|3438.42|75|20745 
201510281112|IF0000|1m|3438.60|3441.80|3442.00|3437.80|3440.15|43|20745 
201510281113|IF0000|1m|3441.60|3438.40|3441.60|3438.00|3439.78|65|20748 
201510281114|IF0000|1m|3438.00|3439.80|3440.80|3437.20|3439.47|62|20751 
201510281115|IF0000|1m|3439.80|3431.60|3440.40|3429.00|3433.78|195|20753 
201510281116|IF0000|1m|3431.40|3438.00|3438.40|3431.40|3435.52|58|20755 
201510281117|IF0000|1m|3437.60|3432.80|3438.00|3432.20|3434.17|56|20765 
201510281118|IF0000|1m|3432.60|3428.80|3432.60|3423.80|3427.53|142|20755 
201510281119|IF0000|1m|3429.80|3433.00|3433.80|3425.60|3430.05|70|20760 
201510281120|IF0000|1m|3433.00|3430.20|3433.00|3429.40|3430.69|55|20769 
201510281121|IF0000|1m|3431.00|3434.00|3436.80|3429.60|3433.98|50|20782 
201510281122|IF0000|1m|3435.00|3437.00|3438.60|3433.80|3437.11|51|20789 
201510281123|IF0000|1m|3437.00|3440.60|3443.00|3437.00|3440.80|59|20794 
201510281124|IF0000|1m|3440.20|3439.80|3440.20|3436.00|3438.56|34|20795 
201510281125|IF0000|1m|3437.00|3439.20|3439.80|3436.80|3438.37|36|20793 
201510281126|IF0000|1m|3439.40|3442.40|3443.00|3439.40|3440.97|23|20797 
201510281127|IF0000|1m|3443.00|3444.40|3444.80|3440.80|3443.44|45|20797 
201510281128|IF0000|1m|3444.40|3437.80|3444.60|3437.20|3441.69|53|20809 
201510281129|IF0000|1m|3438.00|3436.00|3439.60|3435.80|3437.06|29|20823 
201510281300|IF0000|1m|3438.60|3438.60|3438.60|3435.20|3437.16|60|20837 
201510281301|IF0000|1m|3438.20|3433.00|3438.20|3431.40|3435.31|34|20845 
201510281302|IF0000|1m|3432.00|3432.60|3433.80|3430.60|3432.07|28|20851 
201510281303|IF0000|1m|3432.60|3435.00|3436.00|3432.60|3434.86|11|20854 
201510281304|IF0000|1m|3434.00|3434.60|3435.80|3434.00|3434.85|12|20855 
201510281305|IF0000|1m|3435.80|3435.20|3436.00|3433.20|3434.80|23|20851 
201510281306|IF0000|1m|3433.00|3434.00|3434.00|3432.60|3433.11|11|20854 
201510281307|IF0000|1m|3434.00|3441.40|3442.40|3433.20|3438.56|31|20855 
201510281308|IF0000|1m|3441.40|3449.60|3449.80|3440.20|3443.23|49|20860 
201510281309|IF0000|1m|3449.80|3447.40|3449.80|3444.80|3447.16|43|20853 
201510281310|IF0000|1m|3447.40|3443.60|3448.00|3443.40|3446.21|31|20854 
201510281311|IF0000|1m|3443.60|3436.80|3443.60|3431.80|3436.52|62|20862 
201510281312|IF0000|1m|3436.80|3439.00|3439.60|3436.80|3438.82|18|20862 
201510281313|IF0000|1m|3439.60|3437.60|3439.60|3437.00|3438.67|28|20857 
201510281314|IF0000|1m|3439.40|3437.20|3439.40|3436.80|3438.08|28|20860 
201510281315|IF0000|1m|3437.20|3436.20|3438.60|3435.40|3436.26|27|20865 
201510281316|IF0000|1m|3436.40|3438.00|3438.00|3436.40|3437.50|14|20867 
201510281317|IF0000|1m|3438.20|3443.00|3443.00|3438.20|3439.84|25|20861 
201510281318|IF0000|1m|3443.20|3442.60|3445.00|3441.40|3443.11|19|20865 
201510281319|IF0000|1m|3443.00|3446.00|3446.00|3443.00|3444.30|17|20872 
201510281320|IF0000|1m|3446.60|3448.60|3452.80|3446.60|3449.14|57|20868 
201510281321|IF0000|1m|3449.00|3444.60|3449.60|3444.40|3446.05|39|20878 
201510281322|IF0000|1m|3445.80|3442.80|3445.80|3441.00|3443.49|20|20885 
201510281323|IF0000|1m|3442.60|3445.60|3445.60|3440.20|3442.74|29|20884 
201510281324|IF0000|1m|3445.00|3443.20|3446.00|3443.00|3443.75|19|20885 
201510281325|IF0000|1m|3441.60|3441.60|3443.80|3441.00|3441.84|15|20885 
201510281326|IF0000|1m|3441.80|3435.20|3441.80|3434.60|3437.86|64|20897 
201510281327|IF0000|1m|3434.40|3436.60|3439.40|3434.40|3436.55|33|20889 
201510281328|IF0000|1m|3436.60|3435.60|3437.80|3435.60|3436.58|22|20890 
201510281329|IF0000|1m|3435.80|3430.60|3437.40|3430.20|3433.24|75|20897 
201510281330|IF0000|1m|3430.60|3428.00|3430.80|3426.60|3428.08|92|20904 
201510281331|IF0000|1m|3428.00|3428.60|3432.00|3427.20|3430.37|44|20900 
201510281332|IF0000|1m|3428.20|3421.00|3429.80|3421.00|3424.00|128|20906 
201510281333|IF0000|1m|3420.20|3422.00|3422.60|3417.60|3420.18|104|20918 
201510281334|IF0000|1m|3421.80|3425.00|3427.20|3421.80|3425.26|56|20914 
201510281335|IF0000|1m|3424.20|3424.20|3426.00|3423.00|3424.23|43|20921 
201510281336|IF0000|1m|3425.00|3425.60|3426.00|3422.60|3424.66|44|20933 
201510281337|IF0000|1m|3425.60|3428.00|3432.40|3425.60|3429.17|51|20948 
201510281338|IF0000|1m|3427.80|3425.00|3429.00|3423.20|3426.01|34|20956 
201510281339|IF0000|1m|3423.00|3419.20|3423.00|3418.00|3419.66|86|20960 
201510281340|IF0000|1m|3419.60|3412.80|3419.60|3411.40|3413.53|127|20958 
201510281341|IF0000|1m|3412.40|3413.00|3415.00|3405.20|3409.15|135|20953 
201510281342|IF0000|1m|3414.00|3414.40|3415.00|3409.80|3412.82|65|20965 
201510281343|IF0000|1m|3415.00|3418.80|3419.00|3414.40|3417.12|55|20970 
201510281344|IF0000|1m|3419.60|3419.00|3421.40|3417.00|3419.43|57|20990 
201510281345|IF0000|1m|3420.80|3420.20|3421.40|3415.40|3417.64|56|21006 
201510281346|IF0000|1m|3421.00|3426.40|3427.00|3419.80|3424.26|70|21029 
201510281347|IF0000|1m|3426.00|3424.80|3426.00|3422.40|3424.65|43|21042 
201510281348|IF0000|1m|3424.80|3428.00|3428.20|3422.20|3425.83|51|21054 
201510281349|IF0000|1m|3427.40|3428.20|3428.20|3425.00|3426.82|41|21064 
201510281350|IF0000|1m|3428.20|3432.40|3433.00|3428.20|3431.20|70|21093 
201510281351|IF0000|1m|3432.40|3431.00|3432.80|3430.00|3431.07|35|21103 
201510281352|IF0000|1m|3430.80|3430.20|3431.40|3430.00|3430.53|24|21103 
201510281353|IF0000|1m|3430.80|3427.20|3431.20|3427.20|3429.61|52|21097 
201510281354|IF0000|1m|3427.60|3429.80|3430.80|3427.60|3430.05|18|21096 
201510281355|IF0000|1m|3428.80|3434.20|3434.40|3428.40|3431.87|35|21106 
201510281356|IF0000|1m|3434.00|3434.00|3436.00|3431.00|3434.18|59|21122 
201510281357|IF0000|1m|3434.00|3439.40|3439.40|3431.60|3434.79|45|21132 
201510281358|IF0000|1m|3439.80|3438.00|3442.20|3437.40|3440.14|69|21143 
201510281359|IF0000|1m|3438.20|3437.00|3439.00|3437.00|3437.75|35|21151 
201510281400|IF0000|1m|3436.80|3436.20|3441.40|3436.20|3437.64|54|21158 
201510281401|IF0000|1m|3436.20|3433.80|3436.20|3433.20|3434.32|47|21161 
201510281402|IF0000|1m|3433.20|3430.00|3434.00|3430.00|3431.61|27|21162 
201510281403|IF0000|1m|3429.80|3433.60|3434.00|3429.80|3432.58|28|21182 
201510281404|IF0000|1m|3433.80|3433.00|3435.60|3431.60|3433.92|21|21190 
201510281405|IF0000|1m|3431.80|3431.20|3432.80|3425.00|3428.90|46|21209 
201510281406|IF0000|1m|3431.60|3435.20|3435.80|3431.40|3434.04|23|21222 
201510281407|IF0000|1m|3435.00|3428.00|3435.00|3427.60|3430.59|22|21229 
201510281408|IF0000|1m|3429.80|3427.40|3430.80|3427.40|3429.35|28|21241 
201510281409|IF0000|1m|3428.20|3417.00|3428.20|3416.00|3424.16|92|21263 
201510281410|IF0000|1m|3417.20|3416.00|3420.00|3414.00|3417.25|66|21263 
201510281411|IF0000|1m|3412.60|3419.00|3419.00|3412.60|3416.15|42|21278 
201510281412|IF0000|1m|3420.00|3422.40|3423.00|3419.80|3421.28|34|21292 
201510281413|IF0000|1m|3422.00|3422.60|3422.60|3420.40|3421.33|27|21299 
201510281414|IF0000|1m|3422.80|3426.80|3427.20|3422.80|3425.54|32|21313 
201510281415|IF0000|1m|3426.80|3425.00|3427.00|3425.00|3426.24|30|21328 
201510281416|IF0000|1m|3425.00|3420.60|3425.40|3420.60|3422.87|38|21335 
201510281417|IF0000|1m|3421.80|3433.40|3434.60|3420.40|3427.85|70|21363 
201510281418|IF0000|1m|3432.20|3432.40|3434.80|3432.00|3433.74|43|21390 
201510281419|IF0000|1m|3432.20|3434.80|3434.80|3431.80|3433.57|23|21404 
201510281420|IF0000|1m|3434.20|3434.80|3436.00|3434.20|3435.11|51|21423 
201510281421|IF0000|1m|3435.00|3443.60|3445.80|3435.00|3442.26|137|21450 
201510281422|IF0000|1m|3444.80|3440.00|3445.20|3440.00|3442.30|46|21463 
201510281423|IF0000|1m|3440.40|3437.20|3441.60|3437.20|3438.91|14|21470 
201510281424|IF0000|1m|3438.60|3439.20|3439.60|3438.00|3439.03|14|21479 
201510281425|IF0000|1m|3439.20|3436.80|3439.80|3436.80|3438.03|19|21490 
201510281426|IF0000|1m|3436.40|3429.80|3436.60|3429.00|3432.32|31|21501 
201510281427|IF0000|1m|3429.80|3431.00|3433.40|3429.00|3430.30|21|21514 
201510281428|IF0000|1m|3431.20|3432.40|3432.60|3431.20|3432.10|10|21517 
201510281429|IF0000|1m|3431.20|3433.80|3434.60|3430.80|3432.43|28|21528 
201510281430|IF0000|1m|3434.80|3438.20|3440.00|3433.40|3437.74|40|21548 
201510281431|IF0000|1m|3438.20|3437.00|3438.80|3436.00|3437.49|17|21562 
201510281432|IF0000|1m|3438.80|3439.00|3440.00|3436.20|3438.80|35|21584 
201510281433|IF0000|1m|3437.80|3439.40|3440.00|3437.80|3439.29|29|21602 
201510281434|IF0000|1m|3438.60|3435.80|3438.80|3434.20|3436.70|37|21616 
201510281435|IF0000|1m|3433.60|3428.20|3434.00|3427.20|3430.52|30|21622 
201510281436|IF0000|1m|3427.40|3425.20|3429.80|3425.20|3428.02|33|21632 
201510281437|IF0000|1m|3425.00|3422.00|3425.00|3422.00|3423.73|40|21654 
201510281438|IF0000|1m|3422.00|3413.40|3423.80|3413.40|3418.08|103|21703 
201510281439|IF0000|1m|3417.20|3415.20|3418.80|3413.40|3416.32|50|21714 
201510281440|IF0000|1m|3415.40|3415.20|3418.20|3415.00|3416.45|27|21731 
201510281441|IF0000|1m|3416.20|3412.80|3416.20|3410.60|3412.77|60|21754 
201510281442|IF0000|1m|3411.60|3415.80|3415.80|3411.00|3413.67|52|21763 
201510281443|IF0000|1m|3415.60|3418.60|3420.00|3415.60|3418.27|55|21785 
201510281444|IF0000|1m|3418.20|3420.00|3421.40|3417.00|3419.70|62|21807 
201510281445|IF0000|1m|3416.80|3411.60|3416.80|3408.20|3413.05|97|21811 
201510281446|IF0000|1m|3411.60|3417.80|3417.80|3411.40|3413.69|37|21812 
201510281447|IF0000|1m|3420.00|3416.00|3420.00|3416.00|3417.98|38|21819 
201510281448|IF0000|1m|3416.00|3408.20|3417.20|3408.20|3410.86|70|21830 
201510281449|IF0000|1m|3408.20|3402.20|3408.40|3402.20|3405.94|108|21861 
201510281450|IF0000|1m|3402.20|3404.40|3405.40|3401.20|3403.54|86|21888 
201510281451|IF0000|1m|3403.60|3404.00|3405.60|3403.20|3404.09|43|21903 
201510281452|IF0000|1m|3404.60|3400.40|3405.00|3400.40|3402.50|66|21918 
201510281453|IF0000|1m|3400.20|3406.80|3408.40|3400.00|3404.70|60|21940 
201510281454|IF0000|1m|3407.80|3409.20|3412.60|3406.60|3409.90|55|21966 
201510281455|IF0000|1m|3409.20|3409.80|3411.00|3408.80|3409.63|45|21974 
201510281456|IF0000|1m|3409.00|3409.00|3410.00|3408.80|3409.44|39|21990 
201510281457|IF0000|1m|3409.00|3409.20|3410.00|3408.40|3409.25|58|22017 
201510281458|IF0000|1m|3409.40|3414.60|3415.20|3409.00|3412.42|67|22045 
201510281459|IF0000|1m|3414.60|3417.60|3418.00|3413.20|3415.35|68|22062 
201510281500|IF0000|1m|3415.60|3416.00|3418.00|3415.60|3417.27|89|22083 
201510281501|IF0000|1m|3417.60|3416.80|3418.00|3414.20|3416.22|79|22133 
201510281502|IF0000|1m|3414.40|3413.00|3416.80|3410.20|3413.08|82|22161 
201510281503|IF0000|1m|3413.00|3412.00|3416.40|3412.00|3413.60|60|22181 
201510281504|IF0000|1m|3412.60|3413.20|3413.20|3411.00|3411.98|34|22205 
201510281505|IF0000|1m|3413.40|3412.00|3415.00|3406.80|3411.06|107|22236 
201510281506|IF0000|1m|3408.60|3408.00|3413.00|3407.60|3410.98|72|22254 
201510281507|IF0000|1m|3408.00|3411.60|3412.00|3405.00|3408.40|68|22269 
201510281508|IF0000|1m|3410.20|3408.00|3412.00|3407.80|3409.81|63|22276 
201510281509|IF0000|1m|3408.00|3407.00|3410.80|3407.00|3409.31|52|22280 
201510281510|IF0000|1m|3406.00|3408.60|3409.60|3404.00|3407.07|95|22299 
201510281511|IF0000|1m|3408.60|3415.20|3415.20|3405.60|3410.39|104|22315 
201510281512|IF0000|1m|3415.80|3412.00|3415.80|3411.00|3412.09|53|22328 
201510281513|IF0000|1m|3412.00|3412.20|3415.00|3410.60|3413.11|109|22370 
201510281514|IF0000|1m|3414.00|3413.00|3414.60|3411.20|3412.78|100|22407 
